%YAML:1.0
images:
   - !!opencv-matrix
      rows: 16
      cols: 20
      dt: "3u"
      data: [ 35, 39, 39, 28, 32, 32, 28, 31, 33, 40, 43, 45, 54, 58, 58,
          56, 60, 60, 47, 49, 49, 35, 37, 37, 33, 35, 35, 34, 36, 36, 27,
          31, 31, 26, 30, 30, 27, 31, 31, 29, 33, 33, 23, 27, 25, 22, 26,
          24, 28, 32, 32, 41, 45, 45, 44, 53, 54, 54, 63, 64, 40, 44, 44,
          29, 33, 33, 33, 34, 36, 40, 41, 43, 50, 51, 53, 50, 51, 53, 43,
          44, 46, 41, 42, 44, 38, 37, 39, 37, 36, 38, 25, 29, 29, 32, 36,
          36, 35, 39, 39, 29, 33, 33, 18, 27, 24, 19, 28, 25, 26, 34, 35,
          45, 53, 54, 56, 67, 69, 72, 83, 85, 40, 44, 44, 31, 35, 35, 31,
          32, 34, 38, 39, 41, 46, 47, 49, 43, 44, 46, 44, 45, 47, 51, 52,
          54, 53, 52, 54, 48, 47, 49, 32, 36, 36, 39, 43, 43, 34, 38, 38,
          21, 25, 25, 15, 24, 21, 18, 27, 24, 34, 42, 43, 50, 58, 59, 55,
          66, 68, 69, 80, 82, 22, 23, 25, 24, 25, 27, 31, 30, 32, 33, 32,
          34, 33, 32, 34, 34, 33, 35, 41, 38, 45, 47, 44, 51, 57, 54, 61,
          60, 57, 64, 54, 53, 60, 47, 46, 53, 41, 41, 45, 34, 34, 38, 29,
          30, 32, 32, 33, 35, 53, 55, 55, 64, 66, 66, 59, 68, 69, 62, 71,
          72, 14, 15, 17, 21, 22, 24, 29, 28, 30, 32, 31, 33, 30, 29, 31,
          28, 27, 29, 31, 28, 35, 43, 40, 47, 71, 68, 75, 107, 104, 111,
          126, 125, 132, 111, 110, 117, 74, 74, 78, 44, 44, 48, 33, 34,
          36, 37, 38, 40, 56, 58, 58, 63, 65, 65, 68, 77, 78, 66, 75, 76,
          12, 14, 14, 18, 20, 20, 28, 26, 30, 34, 32, 36, 36, 33, 40, 34,
          31, 38, 36, 32, 43, 57, 53, 64, 113, 108, 121, 163, 158, 171,
          177, 176, 189, 162, 161, 174, 110, 108, 119, 64, 62, 73, 39,
          36, 43, 43, 40, 47, 54, 53, 55, 54, 53, 55, 63, 75, 75, 64, 76,
          76, 15, 17, 17, 19, 21, 21, 28, 26, 30, 34, 32, 36, 38, 35, 42,
          37, 34, 41, 51, 47, 58, 105, 101, 112, 158, 153, 166, 184, 179,
          192, 185, 184, 197, 174, 173, 186, 145, 143, 154, 96, 94, 105,
          49, 46, 53, 39, 36, 43, 48, 47, 49, 49, 48, 50, 44, 56, 56, 47,
          59, 59, 22, 24, 24, 24, 26, 26, 29, 27, 31, 34, 32, 36, 39, 36,
          44, 58, 55, 63, 109, 104, 118, 153, 148, 162, 170, 165, 184,
          176, 171, 190, 177, 175, 192, 166, 164, 181, 152, 149, 163,
          131, 128, 142, 85, 81, 92, 46, 42, 53, 42, 37, 45, 44, 39, 47,
          37, 46, 47, 37, 46, 47, 27, 29, 29, 30, 32, 32, 31, 29, 33, 38,
          36, 40, 64, 61, 69, 112, 109, 117, 148, 143, 157, 163, 158,
          172, 167, 162, 181, 166, 161, 180, 161, 159, 176, 140, 138,
          155, 126, 123, 137, 137, 134, 148, 126, 122, 133, 82, 78, 89,
          50, 45, 53, 38, 33, 41, 31, 40, 41, 28, 37, 38, 24, 26, 26, 29,
          31, 31, 31, 30, 37, 51, 50, 57, 100, 98, 109, 146, 144, 155,
          157, 153, 170, 159, 155, 172, 149, 145, 167, 136, 132, 154,
          119, 115, 137, 106, 102, 124, 96, 92, 114, 120, 116, 138, 141,
          136, 150, 130, 125, 139, 89, 86, 94, 49, 46, 54, 36, 42, 43,
          36, 42, 43, 17, 19, 19, 22, 24, 24, 34, 33, 40, 51, 50, 57, 98,
          96, 107, 140, 138, 149, 141, 137, 154, 124, 120, 137, 108, 104,
          126, 92, 88, 110, 90, 86, 108, 88, 84, 106, 80, 76, 98, 86, 82,
          104, 122, 117, 131, 142, 137, 151, 127, 124, 132, 88, 85, 93,
          38, 44, 45, 44, 50, 51, 9, 13, 11, 10, 14, 12, 26, 24, 28, 32,
          30, 34, 60, 58, 69, 95, 93, 104, 87, 85, 102, 73, 71, 88, 72,
          69, 88, 80, 77, 96, 93, 89, 111, 94, 90, 112, 69, 66, 85, 49,
          46, 65, 73, 68, 82, 120, 115, 129, 144, 141, 149, 133, 130,
          138, 99, 99, 103, 90, 90, 94, 14, 18, 16, 15, 19, 17, 25, 23,
          27, 25, 23, 27, 32, 30, 41, 62, 60, 71, 81, 79, 96, 90, 88,
          105, 91, 88, 107, 88, 85, 104, 94, 90, 112, 94, 90, 112, 70,
          67, 86, 42, 39, 58, 42, 37, 51, 76, 71, 85, 119, 116, 124, 139,
          136, 144, 126, 126, 130, 113, 113, 117, 24, 28, 26, 23, 27, 25,
          24, 23, 25, 27, 26, 28, 25, 24, 31, 40, 39, 46, 62, 62, 73, 72,
          72, 83, 72, 71, 84, 66, 65, 78, 64, 61, 75, 59, 56, 70, 50, 47,
          61, 31, 28, 42, 33, 29, 40, 40, 36, 47, 72, 69, 77, 108, 105,
          113, 116, 115, 117, 102, 101, 103, 30, 34, 32, 23, 27, 25, 24,
          23, 25, 26, 25, 27, 26, 25, 32, 27, 26, 33, 32, 32, 43, 35, 35,
          46, 36, 35, 48, 35, 34, 47, 33, 30, 44, 28, 25, 39, 25, 22, 36,
          21, 18, 32, 27, 23, 34, 35, 31, 42, 44, 41, 49, 59, 56, 64, 65,
          64, 66, 66, 65, 67, 39, 43, 41, 25, 29, 27, 27, 27, 27, 26, 26,
          26, 20, 21, 23, 26, 27, 29, 17, 19, 23, 16, 18, 22, 21, 20, 27,
          22, 21, 28, 21, 20, 28, 19, 18, 26, 18, 16, 27, 21, 19, 30, 22,
          21, 28, 30, 29, 36, 34, 32, 36, 30, 28, 32, 34, 33, 35, 35, 34,
          36 ]
   - !!opencv-matrix
      rows: 22
      cols: 17
      dt: "3u"
      data: [ 83, 89, 90, 59, 62, 64, 33, 36, 38, 21, 22, 24, 16, 17, 19,
          14, 13, 15, 14, 13, 15, 17, 14, 17, 18, 15, 18, 18, 17, 19, 16,
          15, 17, 18, 18, 22, 36, 36, 40, 70, 72, 84, 96, 98, 110, 90,
          93, 111, 73, 76, 94, 82, 88, 89, 76, 79, 81, 51, 54, 56, 26,
          27, 29, 15, 16, 18, 15, 14, 16, 16, 15, 17, 16, 13, 16, 18, 15,
          18, 18, 17, 19, 18, 17, 19, 18, 18, 22, 27, 27, 31, 50, 52, 64,
          83, 85, 97, 95, 98, 116, 96, 99, 117, 70, 75, 78, 65, 70, 73,
          51, 56, 59, 38, 42, 48, 24, 28, 34, 13, 14, 21, 9, 10, 17, 15,
          14, 21, 15, 14, 21, 17, 15, 19, 18, 16, 20, 14, 14, 18, 20, 20,
          24, 51, 54, 64, 88, 91, 101, 103, 108, 128, 107, 112, 132, 63,
          68, 71, 55, 60, 63, 56, 61, 64, 78, 82, 88, 82, 86, 92, 56, 57,
          64, 23, 24, 31, 17, 16, 23, 13, 12, 19, 15, 13, 17, 17, 15, 19,
          14, 14, 18, 22, 22, 26, 54, 57, 67, 92, 95, 105, 108, 113, 133,
          109, 114, 134, 45, 50, 53, 37, 44, 51, 55, 62, 69, 93, 102,
          111, 121, 130, 139, 118, 123, 135, 80, 85, 97, 38, 40, 52, 16,
          18, 30, 12, 13, 21, 11, 12, 20, 12, 13, 20, 15, 16, 23, 32, 37,
          47, 76, 81, 91, 98, 107, 127, 105, 114, 134, 33, 38, 41, 31,
          38, 45, 52, 59, 66, 96, 105, 114, 130, 139, 148, 145, 150, 162,
          133, 138, 150, 88, 90, 102, 34, 36, 48, 14, 15, 23, 12, 13, 21,
          15, 16, 23, 14, 15, 22, 23, 28, 38, 61, 66, 76, 92, 101, 121,
          105, 114, 134, 27, 33, 39, 31, 36, 48, 53, 58, 70, 97, 104,
          119, 126, 133, 148, 137, 143, 160, 140, 146, 163, 123, 126,
          144, 65, 68, 86, 22, 24, 37, 10, 12, 25, 12, 16, 23, 12, 16,
          23, 15, 21, 28, 40, 46, 53, 81, 90, 105, 104, 113, 128, 25, 31,
          37, 31, 36, 48, 56, 61, 73, 94, 101, 116, 117, 124, 139, 123,
          129, 146, 129, 135, 152, 133, 136, 154, 105, 108, 126, 53, 55,
          68, 19, 21, 34, 10, 14, 21, 11, 15, 22, 10, 16, 23, 25, 31, 38,
          61, 70, 85, 97, 106, 121, 23, 29, 35, 32, 37, 49, 56, 61, 73,
          87, 94, 109, 104, 111, 126, 107, 112, 132, 116, 121, 141, 126,
          129, 147, 118, 121, 139, 76, 78, 91, 29, 31, 44, 10, 13, 23,
          11, 14, 24, 10, 16, 23, 16, 22, 29, 39, 47, 59, 86, 94, 106,
          24, 30, 36, 35, 40, 52, 58, 63, 75, 77, 84, 99, 93, 100, 115,
          104, 109, 129, 114, 119, 139, 117, 120, 138, 105, 108, 126, 74,
          76, 89, 35, 37, 50, 13, 16, 26, 11, 14, 24, 10, 16, 23, 10, 16,
          23, 22, 30, 42, 63, 71, 83, 26, 32, 39, 40, 45, 58, 65, 70, 83,
          77, 83, 100, 89, 95, 112, 99, 104, 124, 110, 115, 135, 111,
          113, 134, 102, 104, 125, 88, 89, 105, 58, 59, 75, 24, 23, 36,
          15, 14, 27, 11, 14, 24, 13, 16, 26, 17, 21, 33, 45, 49, 61, 31,
          37, 44, 50, 55, 68, 69, 74, 87, 79, 85, 102, 88, 94, 111, 88,
          93, 113, 82, 87, 107, 80, 82, 103, 90, 92, 113, 108, 109, 125,
          93, 94, 110, 45, 44, 57, 17, 16, 29, 13, 16, 26, 17, 20, 30,
          16, 20, 32, 30, 34, 46, 36, 42, 49, 54, 59, 72, 65, 70, 83, 67,
          73, 90, 73, 79, 96, 69, 72, 90, 53, 56, 74, 43, 45, 63, 56, 58,
